%YAML:1.0
camera_matrix: !!opencv-matrix
   rows: 3
   cols: 3
   dt: d
   data: [ 3.1505556782136969e+03, 0., 2.7742936223926239e+02, 0.,
       3.1323111934570829e+03, 2.5964904723690961e+02, 0., 0., 1. ]
distortion_coeffs: !!opencv-matrix
   rows: 1
   cols: 4
   dt: d
   data: [ 1.2692696225779448e+01, -6.4317224426472731e+03,
       7.5728157428998411e-02, 9.2919442431586129e-03 ]
