%YAML:1.0
camera_matrix0: !!opencv-matrix
   rows: 3
   cols: 3
   dt: d
   data: [ 9.1770754609324081e+02, 0., 3.8113708201789780e+02, 0.,
       9.1770754609324081e+02, 1.7286058619342543e+02, 0., 0., 1. ]
camera_matrix1: !!opencv-matrix
   rows: 3
   cols: 3
   dt: d
   data: [ 9.1770754609324081e+02, 0., 3.8500504151145429e+02, 0.,
       9.1770754609324081e+02, 1.7015502618926590e+02, 0., 0., 1. ]
distortion_coeffs0: !!opencv-matrix
   rows: 1
   cols: 5
   dt: d
   data: [ -2.1637458571450072e-01, -6.6918318174388469e-01, 0., 0., 0. ]
distortion_coeffs1: !!opencv-matrix
   rows: 1
   cols: 5
   dt: d
   data: [ -8.9164605810717959e-02, -5.0982604033610768e-01, 0., 0., 0. ]
R: !!opencv-matrix
   rows: 3
   cols: 3
   dt: d
   data: [ 9.9295249711717604e-01, -1.0093755482089811e-01,
       6.2104335561559518e-02, 1.0142744617682295e-01,
       9.9483146148445778e-01, -4.7787448922706234e-03,
       -6.1300992086688794e-02, 1.1044150826383485e-02,
       9.9805822230053887e-01 ]
T: !!opencv-matrix
   rows: 3
   cols: 1
   dt: d
   data: [ -6.1890121423955655e+00, -4.1324357688704821e-01,
       -4.7453596063096598e-01 ]
rR0: !!opencv-matrix
   rows: 3
   cols: 3
   dt: d
   data: [ 9.8992132122583720e-01, -3.3492674269871722e-02,
       1.3760093950531352e-01, 3.4447200374880679e-02,
       9.9939611242852555e-01, -4.5607947863184131e-03,
       -1.3736509079393316e-01, 9.2547951356235589e-03,
       9.9047724890487610e-01 ]
rR1: !!opencv-matrix
   rows: 3
   cols: 3
   dt: d
   data: [ 9.9487113142656680e-01, 6.6428065648170942e-02,
       7.6280691844432300e-02, -6.6955411384950078e-02,
       9.9774638156591089e-01, 4.3738951066622693e-03,
       -7.5818234879843044e-02, -9.4588670766788344e-03,
       9.9707678996822025e-01 ]
P0: !!opencv-matrix
   rows: 3
   cols: 4
   dt: d
   data: [ 8.7998318187535881e+02, 0., 2.9241582489013672e+02, 0., 0.,
       8.7998318187535881e+02, 1.5789187431335449e+02, 0., 0., 0., 1.,
       0. ]
P1: !!opencv-matrix
   rows: 3
   cols: 4
   dt: d
   data: [ 8.7998318187535881e+02, 0., 2.9241582489013672e+02,
       -5.4743035813301985e+03, 0., 8.7998318187535881e+02,
       1.5789187431335449e+02, 0., 0., 0., 1., 0. ]
Q: !!opencv-matrix
   rows: 4
   cols: 4
   dt: d
   data: [ 1., 0., 0., -2.9241582489013672e+02, 0., 1., 0.,
       -1.5789187431335449e+02, 0., 0., 0., 8.7998318187535881e+02, 0.,
       0., 1.6074796890630827e-01, 0. ]
