%YAML:1.0
camera_matrix0: !!opencv-matrix
   rows: 3
   cols: 3
   dt: d
   data: [ 9.1770754609324081e+02, 0., 3.8113708201789780e+02, 0.,
       9.1770754609324081e+02, 1.7286058619342543e+02, 0., 0., 1. ]
camera_matrix1: !!opencv-matrix
   rows: 3
   cols: 3
   dt: d
   data: [ 9.1770754609324081e+02, 0., 3.8500504151145429e+02, 0.,
       9.1770754609324081e+02, 1.7015502618926590e+02, 0., 0., 1. ]
distortion_coeffs0: !!opencv-matrix
   rows: 1
   cols: 5
   dt: d
   data: [ -2.1637458571450072e-01, -6.6918318174388469e-01, 0., 0., 0. ]
distortion_coeffs1: !!opencv-matrix
   rows: 1
   cols: 5
   dt: d
   data: [ -8.9164605810717959e-02, -5.0982604033610768e-01, 0., 0., 0. ]
R: !!opencv-matrix
   rows: 3
   cols: 3
   dt: d
   data: [ 9.9295249711717604e-01, -1.0093755482089811e-01,
       6.2104335561559518e-02, 1.0142744617682295e-01,
       9.9483146148445778e-01, -4.7787448922706234e-03,
       -6.1300992086688794e-02, 1.1044150826383485e-02,
       9.9805822230053887e-01 ]
T: !!opencv-matrix
   rows: 3
   cols: 1
   dt: d
   data: [ -6.1890121423955655e+00, -4.1324357688704821e-01,
       -4.7453596063096598e-01 ]
E: !!opencv-matrix
   rows: 3
   cols: 3
   dt: d
   data: [ 7.3463211842492188e-02, 4.6751937885026024e-01,
       -4.1470883602306735e-01, -8.5058425144582706e-01,
       1.1625088310761109e-01, 6.1475237161007152e+00,
       -2.1740445437290168e-01, -6.1987357909608560e+00,
       5.5239927931326038e-02 ]
F: !!opencv-matrix
   rows: 3
   cols: 3
   dt: d
   data: [ 2.5992779596704478e-07, 1.6541787197784929e-06,
       -1.7315849803405442e-03, -3.0095402068264933e-06,
       4.1131928576945299e-07, 2.1037177821523399e-02,
       -2.9390522763087223e-04, -2.0834373987323275e-02, 1. ]
